4 0.91796875 0.4205729171875 0.91015625 0.41015625 0.908203125 0.37890625 0.9013671875 0.3671875 0.8896484375 0.359375 0.8828125 0.36328125 0.8828125 0.4466145828125 0.88671875 0.47265625 0.8896484375 0.4557291671875 0.91015625 0.4518229171875 0.91015625 0.43359375 0.91796875 0.4205729171875
4 0.869140625 0.3684895828125 0.8671875 0.3893229171875 0.861328125 0.39453125 0.861328125 0.4544270828125 0.8662109375 0.4609375 0.875 0.4596354171875 0.87890625 0.4075520828125 0.87890625 0.3658854171875 0.8759765625 0.3619791671875 0.869140625 0.3684895828125
2 0.959375 0.4796875 0.9609375 0.478125 0.9609375 0.465625 0.9546875 0.459375 0.9421875 0.459375 0.9421875 0.4609375 0.940625 0.4625 0.940625 0.4796875 0.959375 0.4796875
1 0.9921875 0.3953125 0.9921875 0.396875 0.990625 0.3984375 0.9875 0.3984375 0.9859375 0.4 0.9796875 0.4 0.978125 0.3984375 0.975 0.3984375 0.971875 0.3953125 0.971875 0.3921875 0.9703125 0.390625 0.96875 0.3921875 0.9671875 0.3921875 0.9640625 0.3953125 0.9640625 0.396875 0.95625 0.4046875 0.953125 0.4046875 0.9515625 0.40625 0.9484375 0.40625 0.946875 0.4078125 0.9453125 0.4078125 0.94375 0.409375 0.9421875 0.409375 0.940625 0.4109375 0.9375 0.4109375 0.9359375 0.4125 0.928125 0.4125 0.9203125 0.4203125 0.91875 0.4203125 0.9171875 0.421875 0.9171875 0.459375 0.91875 0.459375 0.9203125 0.4609375 0.9328125 0.4609375 0.934375 0.459375 0.940625 0.459375 0.9453125 0.4546875 0.9515625 0.4546875 0.953125 0.45625 0.9546875 0.45625 0.95625 0.4578125 0.95625 0.459375 0.9578125 0.4609375 0.959375 0.4609375 0.9625 0.4640625 0.9625 0.465625 0.9640625 0.4671875 0.9640625 0.46875 0.96875 0.4734375 0.9703125 0.4734375 0.9734375 0.4765625 0.975 0.4765625 0.9765625 0.478125 0.9984375 0.478125 0.9984375 0.3890625 0.9953125 0.3890625 0.9953125 0.390625 0.99375 0.3921875 0.99375 0.39375 0.9921875 0.3953125
2 0.896875 0.4796875 0.909375 0.4796875 0.9109375 0.478125 0.9109375 0.459375 0.89375 0.459375 0.8921875 0.4609375 0.8921875 0.48125 0.8953125 0.48125 0.896875 0.4796875
2 0.3046875 0.4921875 0.30625 0.490625 0.30625 0.4828125 0.3046875 0.48125 0.3046875 0.475 0.303125 0.4734375 0.303125 0.471875 0.2984375 0.4671875 0.2984375 0.465625 0.284375 0.4515625 0.284375 0.45 0.2828125 0.45 0.278125 0.4453125 0.278125 0.44375 0.2734375 0.44375 0.271875 0.4421875 0.2640625 0.4421875 0.2625 0.440625 0.2171875 0.440625 0.2171875 0.4984375 0.30625 0.4984375 0.3046875 0.496875 0.3046875 0.4921875
2 0.0359375 0.4375 0.0328125 0.440625 0.0328125 0.44375 0.03125 0.4453125 0.03125 0.4828125 0.0328125 0.484375 0.0328125 0.4875 0.103125 0.4875 0.103125 0.478125 0.1046875 0.4765625 0.1046875 0.475 0.10625 0.4734375 0.10625 0.4609375 0.1046875 0.459375 0.1046875 0.45625 0.1015625 0.453125 0.1015625 0.4515625 0.0984375 0.4484375 0.0984375 0.446875 0.0921875 0.440625 0.0921875 0.4390625 0.090625 0.4375 0.0890625 0.4375 0.084375 0.4328125 0.04375 0.4328125 0.040625 0.4359375 0.0390625 0.4359375 0.0375 0.4375 0.0359375 0.4375
2 0 0.4796875 0.009375 0.4796875 0.009375 0.4765625 0.0109375 0.475 0.0109375 0.4703125 0.0125 0.46875 0.0125 0.465625 0.0140625 0.4640625 0.0140625 0.4625 0.015625 0.4609375 0.015625 0.4453125 0.0109375 0.440625 0.0046875 0.440625 0.003125 0.4421875 0 0.4421875 0 0.4796875
1 0.2421875 0.375 0.240625 0.3765625 0.2375 0.3765625 0.2359375 0.375 0.2265625 0.375 0.2234375 0.378125 0.221875 0.378125 0.21875 0.38125 0.21875 0.4359375 0.2203125 0.4375 0.2640625 0.4375 0.265625 0.4359375 0.2796875 0.4359375 0.28125 0.434375 0.2859375 0.434375 0.2875 0.4328125 0.2890625 0.4328125 0.290625 0.43125 0.29375 0.43125 0.2953125 0.4296875 0.296875 0.4296875 0.2984375 0.428125 0.2984375 0.4265625 0.3 0.425 0.3 0.4140625 0.2984375 0.4125 0.2984375 0.3765625 0.2953125 0.3734375 0.29375 0.3734375 0.2921875 0.371875 0.2765625 0.371875 0.275 0.3734375 0.2734375 0.3734375 0.271875 0.375 0.2421875 0.375
1 0.009375 0.3765625 0.009375 0.375 0.0109375 0.3734375 0.0109375 0.36875 0.0125 0.3671875 0.0125 0.3640625 0.0140625 0.3625 0.0140625 0.353125 0.015625 0.3515625 0.015625 0.275 0.0140625 0.2734375 0.0140625 0.265625 0.015625 0.2640625 0.015625 0.175 0.0140625 0.1734375 0.0140625 0.1703125 0.015625 0.16875 0.015625 0.14375 0.0140625 0.1421875 0.0140625 0.1234375 0.0125 0.121875 0.0125 0.103125 0.0109375 0.1015625 0.0109375 0.090625 0.009375 0.0890625 0.009375 0.0796875 0.0078125 0.078125 0.0078125 0.0625 0.00625 0.0609375 0.00625 0.0578125 0.0046875 0.05625 0.0046875 0.0453125 0.00625 0.04375 0.00625 0.0421875 0.009375 0.0390625 0.009375 0.01875 0.0109375 0.0171875 0.0109375 0.0109375 0.0125 0.009375 0.0125 0.0078125 0.0109375 0.00625 0.0109375 0.0046875 0.0015625 0.0046875 0.0015625 0.384375 0.0046875 0.38125 0.00625 0.38125 0.0078125 0.3796875 0.0078125 0.378125 0.009375 0.3765625
4 0.849609375 0.3450520828125 0.84375 0.32421875 0.83984375 0.22005208281250002 0.83203125 0.15234375 0.837890625 0.12109375 0.837890625 0.09244791718749999 0.8212890625 0.06510416718749999 0.7666015625 0.0338541671875 0.7529296875 0.0442708328125 0.7470703125 0.05989583281250001 0.7333984375 0.07291666718749999 0.7275390625 0.07291666718749999 0.71484375 0.05859375 0.71484375 0.0481770828125 0.73828125 0.0247395828125 0.7333984375 0.0052083328125 0.6806640625 0.013020832812499999 0.6474609375 0 0.3818359375 0.0026041671875 0.3544921875 0.0052083328125 0.3330078125 0.013020832812499999 0.3310546875 0.0182291671875 0.3193359375 0.015625 0.298828125 0.0247395828125 0.298828125 0.0325520828125 0.3046875 0.0377604171875 0.29296875 0.0481770828125 0.2998046875 0.0494791671875 0.3046875 0.06119791718749999 0.291015625 0.06640625 0.2998046875 0.07291666718749999 0.3193359375 0.07291666718749999 0.3408203125 0.06510416718749999 0.345703125 0.07942708281250001 0.3427734375 0.08333333281250001 0.3212890625 0.08333333281250001 0.31640625 0.08984375 0.3427734375 0.09895833281250001 0.3505859375 0.09895833281250001 0.3515625 0.09244791718749999 0.357421875 0.08984375 0.3583984375 0.1015625 0.3408203125 0.1015625 0.33203125 0.1106770828125 0.3505859375 0.1171875 0.3515625 0.1236979171875 0.345703125 0.1315104171875 0.3671875 0.1419270828125 0.359375 0.15234375 0.3662109375 0.15625 0.373046875 0.1731770828125 0.3828125 0.18359375 0.376953125 0.1940104171875 0.3876953125 0.1953125 0.3984375 0.20442708281250002 0.384765625 0.21223958281250002 0.3935546875 0.21354166718749998 0.4013671875 0.2265625 0.408203125 0.22786458281250002 0.4111328125 0.25 0.4169921875 0.2421875 0.427734375 0.24609375 0.421875 0.2565104171875 0.435546875 0.26953125 0.4248046875 0.2708333328125 0.423828125 0.27734375 0.4423828125 0.28125 0.447265625 0.2981770828125 0.458984375 0.30859375 0.458984375 0.3190104171875 0.484375 0.3502604171875 0.484375 0.3606770828125 0.509765625 0.3893229171875 0.515625 0.40234375 0.517578125 0.44140625 0.5263671875 0.4557291671875 0.537109375 0.4518229171875 0.5341796875 0.4427083328125 0.5283203125 0.4479166671875 0.525390625 0.44140625 0.533203125 0.43359375 0.53125 0.4283854171875 0.53515625 0.4231770828125 0.53125 0.4205729171875 0.537109375 0.4153645828125 0.537109375 0.3919270828125 0.533203125 0.3893229171875 0.537109375 0.37890625 0.533203125 0.3736979171875 0.537109375 0.33203125 0.53125 0.3268229171875 0.546875 0.3216145828125 0.55078125 0.3684895828125 0.546875 0.4231770828125 0.548828125 0.4361979171875 0.5537109375 0.4401041671875 0.55859375 0.4361979171875 0.5546875 0.4283854171875 0.55859375 0.4153645828125 0.5546875 0.4075520828125 0.552734375 0.3684895828125 0.5546875 0.31640625 0.5654296875 0.3020833328125 0.5791015625 0.2994791671875 0.5859375 0.3216145828125 0.603515625 0.3528645828125 0.6171875 0.3658854171875 0.6328125 0.40234375 0.6357421875 0.4479166671875 0.6435546875 0.4505208328125 0.6484375 0.4440104171875 0.6484375 0.42578125 0.654296875 0.4205729171875 0.65625 0.3893229171875 0.6611328125 0.375 0.6748046875 0.3776041671875 0.6826171875 0.3854166671875 0.7001953125 0.3776041671875 0.716796875 0.41796875 0.716796875 0.4466145828125 0.7216796875 0.4557291671875 0.734375 0.44921875 0.736328125 0.3997395828125 0.7470703125 0.3932291671875 0.7490234375 0.4010416671875 0.7548828125 0.4010416671875 0.763671875 0.4127604171875 0.759765625 0.41796875 0.76171875 0.4361979171875 0.765625 0.4361979171875 0.765625 0.4231770828125 0.7705078125 0.421875 0.7734375 0.4518229171875 0.78515625 0.4622395828125 0.7978515625 0.4557291671875 0.8056640625 0.4375 0.837890625 0.41015625 0.849609375 0.3450520828125
2 0.4484375 0.4671875 0.45 0.465625 0.4609375 0.465625 0.4625 0.4640625 0.478125 0.4640625 0.4796875 0.465625 0.4828125 0.465625 0.484375 0.4671875 0.496875 0.4671875 0.4984375 0.465625 0.4984375 0.4546875 0.496875 0.453125 0.496875 0.4515625 0.4953125 0.4515625 0.49375 0.45 0.490625 0.45 0.4890625 0.4484375 0.4859375 0.4484375 0.484375 0.446875 0.4828125 0.446875 0.48125 0.4453125 0.4796875 0.4453125 0.478125 0.44375 0.44375 0.44375 0.440625 0.446875 0.4390625 0.4453125 0.4375 0.4453125 0.4359375 0.44375 0.3953125 0.44375 0.3953125 0.4703125 0.4421875 0.4703125 0.4453125 0.4671875 0.4484375 0.4671875
3 0.953125 0.4875 0.940625 0.4875 0.9390625 0.4890625 0.9375 0.4890625 0.9375 0.490625 0.9359375 0.4921875 0.9359375 0.496875 0.9375 0.4984375 0.9375 0.503125 0.934375 0.50625 0.934375 0.5078125 0.9328125 0.509375 0.934375 0.5109375 0.934375 0.51875 0.9328125 0.5203125 0.9328125 0.55 0.93125 0.5515625 0.93125 0.5703125 0.9296875 0.571875 0.9296875 0.5984375 0.928125 0.6 0.928125 0.6046875 0.9265625 0.60625 0.9265625 0.609375 0.925 0.6109375 0.925 0.6171875 0.9234375 0.61875 0.9234375 0.628125 0.921875 0.6296875 0.921875 0.6328125 0.9203125 0.634375 0.9203125 0.6359375 0.91875 0.6375 0.91875 0.640625 0.915625 0.64375 0.915625 0.6453125 0.9125 0.6484375 0.9125 0.65 0.909375 0.653125 0.909375 0.6546875 0.90625 0.6578125 0.90625 0.659375 0.9046875 0.6609375 0.9046875 0.6625 0.9015625 0.665625 0.9 0.665625 0.8953125 0.6703125 0.89375 0.6703125 0.8921875 0.671875 0.8921875 0.6796875 0.8953125 0.6828125 0.8953125 0.6890625 0.8921875 0.6921875 0.8921875 0.69375 0.8890625 0.696875 0.8875 0.696875 0.8828125 0.6921875 0.8828125 0.6859375 0.884375 0.684375 0.884375 0.6828125 0.8828125 0.68125 0.8796875 0.68125 0.878125 0.6796875 0.8625 0.6796875 0.8609375 0.68125 0.85625 0.68125 0.8546875 0.6828125 0.840625 0.6828125 0.8390625 0.684375 0.8359375 0.684375 0.834375 0.6859375 0.828125 0.6859375 0.8265625 0.6875 0.796875 0.6875 0.7953125 0.6890625 0.7859375 0.6890625 0.784375 0.690625 0.7796875 0.690625 0.778125 0.6921875 0.775 0.6921875 0.7734375 0.69375 0.7640625 0.69375 0.7625 0.6953125 0.746875 0.6953125 0.7453125 0.696875 0.7421875 0.696875 0.740625 0.6984375 0.7359375 0.6984375 0.734375 0.7 0.725 0.7 0.7234375 0.6984375 0.6984375 0.6984375 0.696875 0.696875 0.6921875 0.696875 0.690625 0.6953125 0.684375 0.6953125 0.6828125 0.69375 0.6671875 0.69375 0.665625 0.6921875 0.653125 0.6921875 0.6515625 0.690625 0.6453125 0.690625 0.64375 0.6890625 0.575 0.6890625 0.5734375 0.690625 0.5703125 0.690625 0.56875 0.6921875 0.5640625 0.6921875 0.5625 0.69375 0.5453125 0.69375 0.54375 0.6921875 0.540625 0.6921875 0.5390625 0.690625 0.5296875 0.690625 0.528125 0.6921875 0.5234375 0.6921875 0.521875 0.69375 0.5109375 0.69375 0.509375 0.6953125 0.50625 0.6953125 0.5046875 0.696875 0.4953125 0.696875 0.49375 0.6953125 0.49375 0.6890625 0.4921875 0.6875 0.4921875 0.684375 0.484375 0.6765625 0.48125 0.6765625 0.4796875 0.675 0.471875 0.675 0.4703125 0.6734375 0.4625 0.6734375 0.4609375 0.671875 0.459375 0.671875 0.4578125 0.6703125 0.45625 0.6703125 0.4546875 0.66875 0.4515625 0.66875 0.45 0.6671875 0.4453125 0.6671875 0.4390625 0.6609375 0.4375 0.6609375 0.4359375 0.659375 0.434375 0.659375 0.4328125 0.6578125 0.4296875 0.6578125 0.428125 0.65625 0.4078125 0.65625 0.40625 0.6578125 0.3859375 0.6578125 0.384375 0.65625 0.3765625 0.65625 0.375 0.6546875 0.3734375 0.6546875 0.3703125 0.6515625 0.3703125 0.65 0.36875 0.6484375 0.36875 0.646875 0.3671875 0.646875 0.365625 0.6453125 0.3546875 0.6453125 0.353125 0.646875 0.353125 0.653125 0.3546875 0.6546875 0.3546875 0.65625 0.35625 0.6578125 0.3546875 0.659375 0.353125 0.659375 0.3515625 0.6609375 0.3234375 0.6609375 0.321875 0.659375 0.31875 0.659375 0.3171875 0.6578125 0.30625 0.6578125 0.3046875 0.65625 0.2953125 0.65625 0.29375 0.6546875 0.26875 0.6546875 0.2671875 0.65625 0.265625 0.65625 0.2640625 0.6578125 0.2625 0.6578125 0.2609375 0.659375 0.259375 0.659375 0.25625 0.6625 0.2546875 0.6625 0.2546875 0.6640625 0.253125 0.665625 0.2515625 0.665625 0.25 0.6671875 0.246875 0.6671875 0.2453125 0.66875 0.24375 0.66875 0.2390625 0.6734375 0.234375 0.6734375 0.2328125 0.675 0.23125 0.675 0.2296875 0.6765625 0.228125 0.6765625 0.225 0.6796875 0.225 0.68125 0.2234375 0.6828125 0.2234375 0.684375 0.221875 0.6859375 0.221875 0.6890625 0.2203125 0.690625 0.2203125 0.709375 0.21875 0.7109375 0.21875 0.7296875 0.2171875 0.73125 0.2171875 0.740625 0.215625 0.7421875 0.215625 0.7484375 0.2140625 0.75 0.2140625 0.7515625 0.2109375 0.7546875 0.2109375 0.7578125 0.209375 0.759375 0.2078125 0.7578125 0.2078125 0.7515625 0.20625 0.75 0.20625 0.7390625 0.2046875 0.7375 0.2046875 0.7234375 0.203125 0.721875 0.203125 0.70625 0.2015625 0.7046875 0.2015625 0.696875 0.2 0.6953125 0.2 0.690625 0.196875 0.6875 0.196875 0.6859375 0.1953125 0.6859375 0.1953125 0.85 0.196875 0.8484375 0.203125 0.8484375 0.2046875 0.846875 0.2109375 0.846875 0.2125 0.8484375 0.215625 0.8484375 0.2203125 0.853125 0.221875 0.853125 0.2234375 0.8546875 0.2265625 0.8546875 0.23125 0.859375 0.23125 0.8609375 0.234375 0.8640625 0.234375 0.8671875 0.2328125 0.86875 0.2328125 0.8703125 0.23125 0.871875 0.23125 0.8734375 0.2265625 0.878125 0.2265625 0.8796875 0.2234375 0.8828125 0.2234375 0.884375 0.221875 0.8859375 0.221875 0.8890625 0.2203125 0.890625 0.2203125 0.89375 0.21875 0.8953125 0.21875 0.903125 0.2171875 0.9046875 0.2171875 0.909375 0.215625 0.9109375 0.215625 0.9125 0.2140625 0.9140625 0.209375 0.9140625 0.2046875 0.909375 0.2046875 0.9078125 0.2015625 0.9046875 0.1984375 0.9078125 0.1953125 0.9078125 0.1953125 0.99375 0.553125 0.99375 0.5546875 0.9921875 0.5546875 0.990625 0.5640625 0.98125 0.565625 0.98125 0.5671875 0.9828125 0.56875 0.9828125 0.5703125 0.984375 0.571875 0.984375 0.5734375 0.9859375 0.575 0.9859375 0.5765625 0.9875 0.5890625 0.9875 0.5921875 0.990625 0.5921875 0.9921875 0.590625 0.99375 0.9984375 0.99375 0.9984375 0.4875 0.9703125 0.4875 0.96875 0.4859375 0.9671875 0.4859375 0.965625 0.484375 0.959375 0.484375 0.9578125 0.4859375 0.9546875 0.4859375 0.953125 0.4875
4 0.0375 0 0.0375 0.0015625 0.03125 0.0078125 0.03125 0.0203125 0.0328125 0.021875 0.0328125 0.034375 0.034375 0.0359375 0.034375 0.040625 0.0359375 0.0421875 0.0359375 0.0484375 0.0375 0.05 0.0375 0.053125 0.034375 0.05625 0.034375 0.06875 0.0328125 0.0703125 0.0328125 0.0765625 0.03125 0.078125 0.03125 0.0796875 0.028125 0.0828125 0.028125 0.084375 0.0265625 0.0859375 0.0265625 0.0875 0.025 0.0890625 0.025 0.0953125 0.0234375 0.096875 0.0234375 0.128125 0.025 0.1296875 0.025 0.1921875 0.0234375 0.19375 0.0234375 0.240625 0.025 0.2421875 0.025 0.315625 0.0265625 0.3171875 0.0265625 0.3296875 0.028125 0.33125 0.028125 0.3375 0.0296875 0.3390625 0.0296875 0.34375 0.03125 0.3453125 0.03125 0.3546875 0.0328125 0.35625 0.0328125 0.3609375 0.034375 0.3625 0.034375 0.365625 0.0359375 0.3671875 0.0359375 0.36875 0.0375 0.3703125 0.0375 0.371875 0.0390625 0.3734375 0.0390625 0.3765625 0.046875 0.384375 0.046875 0.3859375 0.0484375 0.3875 0.0484375 0.3890625 0.05 0.390625 0.05 0.409375 0.0515625 0.4109375 0.0515625 0.4125 0.053125 0.4140625 0.0578125 0.4140625 0.0578125 0.40625 0.05625 0.4046875 0.05625 0.403125 0.0546875 0.4015625 0.0546875 0.3984375 0.05625 0.396875 0.05625 0.3953125 0.0578125 0.39375 0.0578125 0.3921875 0.059375 0.390625 0.059375 0.3875 0.0609375 0.3859375 0.0609375 0.384375 0.0625 0.3828125 0.0625 0.38125 0.065625 0.378125 0.065625 0.375 0.0671875 0.3734375 0.0671875 0.371875 0.06875 0.3703125 0.06875 0.36875 0.0703125 0.3671875 0.0703125 0.365625 0.078125 0.3578125 0.078125 0.3546875 0.0796875 0.353125 0.0796875 0.3515625 0.08125 0.35 0.08125 0.3484375 0.0921875 0.3375 0.09375 0.3375 0.0953125 0.3359375 0.096875 0.3359375 0.0984375 0.334375 0.1 0.334375 0.1046875 0.3296875 0.10625 0.3296875 0.1078125 0.328125 0.1140625 0.328125 0.115625 0.3296875 0.1203125 0.3296875 0.1234375 0.3328125 0.1234375 0.3375 0.125 0.3390625 0.125 0.3453125 0.1234375 0.346875 0.1234375 0.3625 0.121875 0.3640625 0.121875 0.365625 0.11875 0.36875 0.11875 0.3703125 0.1171875 0.371875 0.1171875 0.3734375 0.115625 0.375 0.115625 0.378125 0.1140625 0.3796875 0.1140625 0.3828125 0.1125 0.384375 0.1125 0.3953125 0.1109375 0.396875 0.1109375 0.4109375 0.109375 0.4125 0.109375 0.4390625 0.1078125 0.440625 0.1078125 0.453125 0.109375 0.4546875 0.109375 0.4578125 0.1109375 0.459375 0.1234375 0.459375 0.1234375 0.4390625 0.121875 0.4375 0.121875 0.4328125 0.1234375 0.43125 0.1234375 0.4234375 0.125 0.421875 0.125 0.4171875 0.1265625 0.415625 0.1265625 0.4140625 0.128125 0.4125 0.128125 0.40625 0.1296875 0.4046875 0.1296875 0.3953125 0.13125 0.39375 0.13125 0.390625 0.1328125 0.3890625 0.1328125 0.3875 0.134375 0.3859375 0.134375 0.384375 0.1359375 0.3828125 0.1359375 0.38125 0.1375 0.3796875 0.1375 0.378125 0.1421875 0.3734375 0.1421875 0.371875 0.14375 0.3703125 0.14375 0.36875 0.146875 0.365625 0.146875 0.3640625 0.1484375 0.3625 0.1484375 0.359375 0.15 0.3578125 0.15 0.3546875 0.1515625 0.353125 0.1515625 0.3515625 0.153125 0.35 0.1546875 0.35 0.1546875 0.3484375 0.159375 0.34375 0.171875 0.34375 0.1734375 0.3453125 0.1765625 0.3453125 0.18125 0.35 0.1828125 0.35 0.1859375 0.353125 0.1859375 0.3546875 0.1875 0.3546875 0.19375 0.3609375 0.19375 0.3625 0.1953125 0.3640625 0.196875 0.3640625 0.1984375 0.3625 0.1984375 0.3609375 0.2 0.359375 0.2 0.35625 0.2015625 0.3546875 0.2015625 0.346875 0.203125 0.3453125 0.203125 0.3390625 0.2046875 0.3375 0.2046875 0.321875 0.20625 0.3203125 0.20625 0.315625 0.2078125 0.3140625 0.2078125 0.3125 0.2109375 0.309375 0.2140625 0.309375 0.2171875 0.30625 0.21875 0.30625 0.2203125 0.3046875 0.221875 0.3046875 0.2234375 0.30625 0.2265625 0.30625 0.2328125 0.3125 0.2328125 0.3203125 0.234375 0.321875 0.234375 0.3265625 0.2359375 0.328125 0.2359375 0.3328125 0.2375 0.334375 0.2375 0.340625 0.2390625 0.3421875 0.2390625 0.34375 0.240625 0.3453125 0.24375 0.3453125 0.2453125 0.346875 0.2484375 0.346875 0.25 0.3484375 0.2515625 0.3484375 0.2578125 0.3546875 0.2578125 0.35625 0.259375 0.3578125 0.2609375 0.35625 0.2640625 0.35625 0.2671875 0.359375 0.2671875 0.3609375 0.2703125 0.3640625 0.271875 0.3640625 0.2734375 0.365625 0.278125 0.365625 0.284375 0.359375 0.290625 0.359375 0.2953125 0.3640625 0.2984375 0.3640625 0.3 0.3625 0.3 0.3609375 0.3015625 0.359375 0.3015625 0.3484375 0.303125 0.346875 0.303125 0.33125 0.3046875 0.3296875 0.3046875 0.2640625 0.30625 0.2625 0.30625 0.259375 0.309375 0.25625 0.3125 0.25625 0.3140625 0.2546875 0.33125 0.2546875 0.3328125 0.253125 0.3421875 0.253125 0.34375 0.2515625 0.3484375 0.2515625 0.35 0.25 0.3546875 0.25 0.35625 0.2484375 0.365625 0.2484375 0.3671875 0.246875 0.371875 0.246875 0.3734375 0.2453125 0.375 0.2453125 0.378125 0.2421875 0.38125 0.2421875 0.3828125 0.240625 0.3890625 0.240625 0.390625 0.2421875 0.3921875 0.2421875 0.3953125 0.2453125 0.3953125 0.2484375 0.396875 0.25 0.396875 0.25625 0.3953125 0.2578125 0.3953125 0.3375 0.396875 0.3390625 0.396875 0.34375 0.3984375 0.3453125 0.3984375 0.346875 0.4 0.3484375 0.4 0.3515625 0.4015625 0.353125 0.4015625 0.3546875 0.403125 0.35625 0.4046875 0.35625 0.4078125 0.359375 0.409375 0.359375 0.4109375 0.3609375 0.4140625 0.3609375 0.415625 0.3625 0.41875 0.3625 0.4203125 0.3640625 0.4203125 0.3671875 0.41875 0.36875 0.41875 0.375 0.4171875 0.3765625 0.4171875 0.378125 0.41875 0.3796875 0.41875 0.3828125 0.4203125 0.384375 0.4203125 0.3859375 0.421875 0.3875 0.421875 0.3890625 0.4234375 0.390625 0.425 0.390625 0.4265625 0.3921875 0.4265625 0.3859375 0.428125 0.384375 0.428125 0.38125 0.4265625 0.3796875 0.4265625 0.365625 0.4296875 0.3625 0.43125 0.3625 0.4359375 0.3578125 0.4375 0.3578125 0.44375 0.3515625 0.4453125 0.3515625 0.4515625 0.3453125 0.4546875 0.3453125 0.45625 0.346875 0.4578125 0.346875 0.459375 0.3484375 0.459375 0.35 0.4609375 0.3515625 0.4625 0.3515625 0.4640625 0.353125 0.465625 0.353125 0.46875 0.35625 0.4703125 0.35625 0.471875 0.3578125 0.4734375 0.3578125 0.475 0.359375 0.4765625 0.359375 0.478125 0.3609375 0.48125 0.3609375 0.4890625 0.36875 0.490625 0.36875 0.4921875 0.3703125 0.4921875 0.371875 0.4953125 0.375 0.496875 0.375 0.4984375 0.3765625 0.4984375 0.378125 0.5 0.3796875 0.5 0.38125 0.5046875 0.3859375 0.5046875 0.3875 0.50625 0.3890625 0.50625 0.390625 0.509375 0.39375 0.509375 0.3953125 0.5109375 0.396875 0.5109375 0.4078125 0.5125 0.409375 0.5125 0.43125 0.5140625 0.4328125 0.5140625 0.434375 0.515625 0.4359375 0.515625 0.4375 0.5171875 0.4390625 0.5171875 0.440625 0.51875 0.4421875 0.51875 0.44375 0.5203125 0.4453125 0.5203125 0.446875 0.521875 0.4484375 0.521875 0.45 0.525 0.453125 0.525 0.4546875 0.5265625 0.45625 0.53125 0.45625 0.5328125 0.4578125 0.5375 0.453125 0.5390625 0.453125 0.5390625 0.4484375 0.540625 0.446875 0.540625 0.4203125 0.5390625 0.41875 0.5390625 0.4046875 0.5375 0.403125 0.5375 0.3796875 0.5359375 0.378125 0.5359375 0.365625 0.5375 0.3640625 0.5375 0.3359375 0.5390625 0.334375 0.5390625 0.328125 0.5421875 0.325 0.5421875 0.3234375 0.54375 0.321875 0.54375 0.31875 0.546875 0.315625 0.55 0.315625 0.5515625 0.3140625 0.5546875 0.3140625 0.55625 0.3125 0.559375 0.3125 0.5609375 0.3109375 0.5609375 0.309375 0.5640625 0.30625 0.571875 0.30625 0.575 0.309375 0.575 0.3109375 0.578125 0.3140625 0.578125 0.315625 0.5796875 0.3171875 0.5796875 0.31875 0.58125 0.3203125 0.58125 0.321875 0.5828125 0.3234375 0.5828125 0 0.28125 0 0.28125 0.003125 0.2796875 0.0046875 0.2796875 0.00625 0.278125 0.0078125 0.278125 0.015625 0.2796875 0.0171875 0.2796875 0.021875 0.278125 0.0234375 0.278125 0.0265625 0.271875 0.0328125 0.26875 0.0328125 0.2671875 0.03125 0.2640625 0.03125 0.2578125 0.025 0.25625 0.025 0.2546875 0.0234375 0.2515625 0.0234375 0.2515625 0.025 0.25 0.0265625 0.25 0.028125 0.2515625 0.0296875 0.2515625 0.0359375 0.253125 0.0375 0.253125 0.040625 0.2546875 0.0421875 0.2546875 0.046875 0.25625 0.0484375 0.25625 0.05625 0.2546875 0.0578125 0.2546875 0.0640625 0.253125 0.065625 0.253125 0.0671875 0.25 0.0703125 0.25 0.071875 0.2390625 0.0828125 0.2359375 0.0828125 0.234375 0.084375 0.2328125 0.084375 0.2296875 0.0875 0.228125 0.0875 0.225 0.090625 0.2234375 0.090625 0.221875 0.0921875 0.2203125 0.0921875 0.21875 0.09375 0.2171875 0.09375 0.2140625 0.096875 0.2125 0.096875 0.2125 0.0984375 0.2109375 0.1 0.2109375 0.1015625 0.209375 0.103125 0.20625 0.103125 0.2046875 0.1015625 0.2015625 0.1015625 0.1984375 0.0984375 0.196875 0.0984375 0.19375 0.0953125 0.19375 0.09375 0.1875 0.0875 0.1875 0.0859375 0.1859375 0.084375 0.1859375 0.0828125 0.184375 0.08125 0.184375 0.0796875 0.18125 0.0765625 0.18125 0.075 0.1796875 0.0734375 0.1796875 0.071875 0.178125 0.0703125 0.178125 0.06875 0.1765625 0.0671875 0.1765625 0.065625 0.175 0.0640625 0.175 0.0625 0.1734375 0.0609375 0.1734375 0.059375 0.1703125 0.05625 0.16875 0.05625 0.1671875 0.0546875 0.1625 0.0546875 0.1609375 0.05625 0.159375 0.05625 0.1578125 0.0578125 0.15625 0.0578125 0.153125 0.0609375 0.146875 0.0609375 0.140625 0.0546875 0.140625 0.053125 0.1390625 0.0515625 0.1390625 0.046875 0.1375 0.0453125 0.1375 0.0296875 0.1390625 0.028125 0.1390625 0.0265625 0.1375 0.025 0.1375 0.0203125 0.1390625 0.01875 0.1390625 0.0171875 0.140625 0.015625 0.140625 0.0078125 0.1390625 0.00625 0.1390625 0.0046875 0.1375 0.003125 0.1375 0 0.0375 0