3 1 0.8033854171874999 0.9970703125 0.7994791671875 0.8896484375 0.734375 0.8232421875 0.703125 0.7353515625 0.6484375 0.6416015625 0.5989583328125 0.6005859375 0.5703125 0.5693359375 0.5572916671875 0.5595703125 0.546875 0.5419921875 0.5442708328125 0.533203125 0.55078125 0.5302734375 0.5677083328125 0.4794921875 0.5625 0.4560546875 0.578125 0.4501953125 0.5755208328125 0.4404296875 0.5833333328125 0.4326171875 0.578125 0.427734375 0.58203125 0.43359375 0.5872395828125 0.4208984375 0.6015625 0.4111328125 0.6041666671875 0.3896484375 0.6223958328125 0.3779296875 0.625 0.3271484375 0.6640625 0.3076171875 0.6666666671875 0.2958984375 0.6822916671875 0.2841796875 0.6901041671875 0.2783203125 0.6875 0.2685546875 0.7005208328125 0.2509765625 0.7109375 0.2431640625 0.7239583328125 0.1943359375 0.7526041671875 0.1572265625 0.7890625 0.1416015625 0.7942708328125 0.1396484375 0.8020833328125001 0.111328125 0.82421875 0.109375 0.83203125 0.1142578125 0.8307291671874999 0.1142578125 0.8385416671874999 0.0810546875 0.84375 0.0771484375 0.8541666671874999 0.0595703125 0.859375 0.0478515625 0.875 0.0341796875 0.8776041671874999 0.0244140625 0.8932291671874999 0 0.8997395828125001 0.0009765625 0.9973958328125001 0.0693359375 0.9973958328125001 0.0869140625 0.9817708328125001 0.0888671875 0.9895833328125001 0.1064453125 0.9973958328125001 1 0.99609375 1 0.8033854171874999
1 0.2822265625 0.5338541671875 0.2998046875 0.5 0.3037109375 0.5 0.3095703125 0.5130208328125 0.3212890625 0.5 0.328125 0.50390625 0.337890625 0.5247395828125 0.3359375 0.5377604171875 0.330078125 0.5403645828125 0.3310546875 0.5520833328125 0.3388671875 0.5494791671875 0.3466796875 0.5546875 0.3505859375 0.5416666671875 0.357421875 0.5455729171875 0.3623046875 0.5598958328125 0.3740234375 0.5546875 0.3818359375 0.5416666671875 0.3876953125 0.5494791671875 0.388671875 0.5221354171875 0.3798828125 0.5338541671875 0.375 0.51953125 0.390625 0.5143229171875 0.39453125 0.4830729171875 0.3974609375 0.4791666671875 0.4521484375 0.4791666671875 0.455078125 0.4752604171875 0.453125 0.4596354171875 0.4345703125 0.4244791671875 0.4248046875 0.4270833328125 0.4189453125 0.4192708328125 0.4130859375 0.4270833328125 0.3974609375 0.4296875 0.3876953125 0.421875 0.3779296875 0.421875 0.373046875 0.4127604171875 0.373046875 0.38671875 0.34375 0.3528645828125 0.341796875 0.3268229171875 0.3291015625 0.3229166671875 0.3173828125 0.3359375 0.3076171875 0.3333333328125 0.298828125 0.3216145828125 0.30078125 0.31640625 0.2939453125 0.2942708328125 0.283203125 0.3033854171875 0.2802734375 0.3151041671875 0.2470703125 0.3151041671875 0.1904296875 0.3020833328125 0.1748046875 0.2734375 0.1591796875 0.2734375 0.1533203125 0.2916666671875 0.138671875 0.2955729171875 0.138671875 0.4466145828125 0.1416015625 0.4505208328125 0.1708984375 0.4479166671875 0.1845703125 0.4583333328125 0.181640625 0.50390625 0.1904296875 0.5104166671875 0.2333984375 0.5104166671875 0.2353515625 0.5260416671875 0.2431640625 0.5208333328125 0.25 0.5299479171875 0.24609375 0.5377604171875 0.25 0.54296875 0.25 0.5559895828125 0.24609375 0.5611979171875 0.2509765625 0.5651041671875 0.26171875 0.5611979171875 0.2626953125 0.5260416671875 0.265625 0.5325520828125 0.263671875 0.5611979171875 0.26953125 0.56640625 0.2734375 0.55859375 0.26953125 0.5169270828125 0.2744140625 0.515625 0.2822265625 0.5338541671875
6 0.31640625 0.5377604171875 0.314453125 0.57421875 0.3173828125 0.5755208328125 0.3212890625 0.5651041671875 0.326171875 0.5768229171875 0.330078125 0.5143229171875 0.3212890625 0.5026041671875 0.3125 0.52734375 0.31640625 0.5377604171875
5 0.3994140625 0.484375 0.39453125 0.5091145828125 0.396484375 0.5690104171875 0.4013671875 0.5729166671875 0.4072265625 0.5625 0.4130859375 0.5625 0.4287109375 0.5651041671875 0.4326171875 0.5729166671875 0.4404296875 0.5651041671875 0.453125 0.5716145828125 0.455078125 0.5481770828125 0.44921875 0.49609375 0.4345703125 0.484375 0.3994140625 0.484375
2 0.498046875 0.5481770828125 0.5 0.5638020828125 0.5048828125 0.5598958328125 0.52734375 0.5638020828125 0.529296875 0.54296875 0.525390625 0.5247395828125 0.5048828125 0.5234375 0.498046875 0.5481770828125
2 0.79296875 0.5403645828125 0.7841796875 0.53125 0.7705078125 0.53125 0.7578125 0.5481770828125 0.755859375 0.5846354171875 0.7607421875 0.5911458328125 0.7666015625 0.5885416671875 0.77734375 0.5950520828125 0.7861328125 0.59375 0.7890625 0.5846354171875 0.7890625 0.55078125 0.79296875 0.5403645828125
2 0.859375 0.5403645828125 0.8486328125 0.53125 0.8037109375 0.5260416671875 0.796875 0.5325520828125 0.7890625 0.5533854171875 0.791015625 0.5950520828125 0.7939453125 0.6015625 0.8095703125 0.5989583328125 0.822265625 0.6106770828125 0.8271484375 0.6067708328125 0.8662109375 0.609375 0.87109375 0.5690104171875 0.859375 0.5403645828125
2 0.9111328125 0.5364583328125 0.8916015625 0.5390625 0.873046875 0.5690104171875 0.873046875 0.6158854171875 0.8798828125 0.625 0.8876953125 0.6171875 0.9111328125 0.625 0.9228515625 0.6380208328125 0.9296875 0.63671875 0.9365234375 0.6302083328125 0.962890625 0.6263020828125 0.96484375 0.5455729171875 0.9111328125 0.5364583328125
2 0.693359375 0.5299479171875 0.6943359375 0.5885416671875 0.7236328125 0.5989583328125 0.7353515625 0.59375 0.75 0.59765625 0.75390625 0.5533854171875 0.7373046875 0.5260416671875 0.7021484375 0.5208333328125 0.693359375 0.5299479171875
2 0.595703125 0.55078125 0.6083984375 0.5598958328125 0.619140625 0.55859375 0.623046875 0.5455729171875 0.619140625 0.5247395828125 0.5986328125 0.5234375 0.595703125 0.55078125
1 0.111328125 0.4908854171875 0.11328125 0.48046875 0.119140625 0.4752604171875 0.125 0.4440104171875 0.125 0.29296875 0.1103515625 0.2838541671875 0.0322265625 0.2708333328125 0.0234375 0.2643229171875 0.0126953125 0.23697916718749998 0.0009765625 0.23958333281250002 0 0.50390625 0.0087890625 0.4973958328125 0.0185546875 0.5078125 0.0224609375 0.5 0.0234375 0.5065104171875 0.0341796875 0.515625 0.0380859375 0.5026041671875 0.0498046875 0.5182291671875 0.048828125 0.5065104171875 0.0576171875 0.4947916671875 0.0615234375 0.4973958328125 0.0712890625 0.4895833328125 0.0849609375 0.5 0.087890625 0.5169270828125 0.0810546875 0.5104166671875 0.07421875 0.5169270828125 0.078125 0.5325520828125 0.07421875 0.5481770828125 0.078125 0.5533854171875 0.078125 0.5872395828125 0.0830078125 0.5833333328125 0.087890625 0.5872395828125 0.087890625 0.61328125 0.091796875 0.6158854171875 0.09375 0.6315104171875 0.10546875 0.6419270828125 0.111328125 0.63671875 0.111328125 0.5846354171875 0.115234375 0.5794270828125 0.111328125 0.4908854171875
1 0 0.4830729171875 0.0244140625 0.4895833328125 0.0546875 0.48828125 0.0771484375 0.4765625 0.1103515625 0.4791666671875 0.115234375 0.4752604171875 0.115234375 0.37109375 0.12109375 0.29296875 0.1123046875 0.2864583328125 0.0302734375 0.2708333328125 0.0234375 0.2669270828125 0.0205078125 0.25 0.0166015625 0.2526041671875 0.0048828125 0.24479166718749998 0 0.24869791718749998 0 0.4830729171875
1 0.388671875 0.4283854171875 0.375 0.4205729171875 0.373046875 0.3893229171875 0.341796875 0.3502604171875 0.3388671875 0.3255208328125 0.3271484375 0.3255208328125 0.32421875 0.3424479171875 0.3193359375 0.3463541671875 0.298828125 0.32421875 0.298828125 0.3033854171875 0.2919921875 0.296875 0.283203125 0.3033854171875 0.2802734375 0.3177083328125 0.2119140625 0.3072916671875 0.1826171875 0.2994791671875 0.177734375 0.2903645828125 0.177734375 0.27734375 0.1689453125 0.2708333328125 0.158203125 0.2799479171875 0.1552734375 0.2916666671875 0.140625 0.2955729171875 0.138671875 0.4440104171875 0.1416015625 0.4505208328125 0.1728515625 0.4479166671875 0.1826171875 0.453125 0.1875 0.4674479171875 0.181640625 0.48828125 0.1923828125 0.4921875 0.1962890625 0.5026041671875 0.2060546875 0.4947916671875 0.2275390625 0.5 0.2333984375 0.5104166671875 0.2724609375 0.5104166671875 0.2880859375 0.515625 0.3017578125 0.4973958328125 0.3232421875 0.4973958328125 0.3388671875 0.5182291671875 0.373046875 0.5169270828125 0.376953125 0.5091145828125 0.375 0.4388020828125 0.3857421875 0.4375 0.388671875 0.4283854171875
1 1 0.1497395828125 0.9833984375 0.1432291671875 0.9677734375 0.1458333328125 0.880859375 0.22526041718749998 0.8828125 0.23828125 0.890625 0.2513020828125 0.890625 0.5299479171875 0.8974609375 0.5364583328125 0.97265625 0.5377604171875 0.9833984375 0.53125 0.9873046875 0.5208333328125 1 0.5221354171875 1 0.1497395828125
1 0.8017578125 0.4505208328125 0.8076171875 0.4322916671875 0.8125 0.4361979171875 0.8134765625 0.4453125 0.8515625 0.4388020828125 0.8515625 0.41015625 0.85546875 0.4049479171875 0.8427734375 0.3880208328125 0.8154296875 0.3671875 0.80859375 0.3684895828125 0.80859375 0.4231770828125 0.802734375 0.42578125 0.8046875 0.3658854171875 0.7998046875 0.3567708328125 0.7119140625 0.3541666671875 0.7021484375 0.3619791671875 0.6943359375 0.3776041671875 0.6865234375 0.375 0.6728515625 0.3854166671875 0.6279296875 0.4244791671875 0.623046875 0.43359375 0.62109375 0.5169270828125 0.6259765625 0.5234375 0.6884765625 0.5234375 0.6962890625 0.5182291671875 0.7255859375 0.5208333328125 0.7392578125 0.515625 0.7451171875 0.5260416671875 0.7548828125 0.5182291671875 0.7587890625 0.5234375 0.771484375 0.5247395828125 0.775390625 0.5143229171875 0.775390625 0.4700520828125 0.7822265625 0.4583333328125 0.8017578125 0.4505208328125
1 0.6171875 0.46484375 0.5869140625 0.4635416671875 0.5791015625 0.4557291671875 0.5205078125 0.4635416671875 0.515625 0.4700520828125 0.515625 0.5169270828125 0.5283203125 0.5234375 0.5322265625 0.53125 0.5400390625 0.5260416671875 0.5498046875 0.5364583328125 0.5625 0.53515625 0.5732421875 0.5338541671875 0.5791015625 0.5260416671875 0.6162109375 0.5208333328125 0.6171875 0.46484375
4 0.205078125 0.21223958281250002 0.201171875 0.20442708281250002 0.201171875 0.1419270828125 0.1875 0.1263020828125 0.18359375 0.1028645828125 0.1787109375 0.09635416718749999 0.1669921875 0.109375 0.16015625 0.10546875 0.15625 0.07942708281250001 0.1513671875 0.07291666718749999 0.142578125 0.1028645828125 0.140625 0.1315104171875 0.138671875 0.26953125 0.1435546875 0.2890625 0.154296875 0.2877604171875 0.1591796875 0.2708333328125 0.1748046875 0.265625 0.19140625 0.24348958281250002 0.205078125 0.21223958281250002
4 0.1083984375 0.1302083328125 0.1015625 0.1393229171875 0.1015625 0.1497395828125 0.111328125 0.1653645828125 0.1064453125 0.1953125 0.0888671875 0.1770833328125 0.0810546875 0.1614583328125 0.0615234375 0.1614583328125 0.0380859375 0.1927083328125 0.0322265625 0.1927083328125 0.021484375 0.1783854171875 0.0234375 0.1575520828125 0.03125 0.1471354171875 0.02734375 0.1106770828125 0.009765625 0.06640625 0.0078125 0.0403645828125 0.0009765625 0.0390625 0 0.22786458281250002 0.0224609375 0.23697916718749998 0.02734375 0.26171875 0.0322265625 0.2682291671875 0.12109375 0.2799479171875 0.125 0.2669270828125 0.126953125 0.1393229171875 0.1162109375 0.1302083328125 0.1083984375 0.1302083328125