3 0.9287109375 0.6848958328125 0.9072265625 0.6848958328125 0.8984375 0.67578125 0.8876953125 0.6328125 0.8583984375 0.6380208328125 0.8427734375 0.65625 0.8212890625 0.6536458328125 0.8095703125 0.6276041671875 0.7783203125 0.625 0.7705078125 0.6328125 0.7548828125 0.6328125 0.7451171875 0.6041666671875 0.7119140625 0.6067708328125 0.7021484375 0.59375 0.6845703125 0.59375 0.677734375 0.5768229171875 0.677734375 0.5638020828125 0.6689453125 0.5546875 0.6572265625 0.5546875 0.6533203125 0.5364583328125 0.650390625 0.55078125 0.6416015625 0.5598958328125 0.6279296875 0.5546875 0.5986328125 0.5625 0.5791015625 0.5442708328125 0.5576171875 0.5494791671875 0.5439453125 0.5416666671875 0.5341796875 0.546875 0.525390625 0.5377604171875 0.5205078125 0.5234375 0.4892578125 0.5104166671875 0.4560546875 0.5104166671875 0.4189453125 0.5572916671875 0.3935546875 0.5755208328125 0.3818359375 0.5963541671875 0.3759765625 0.5963541671875 0.3583984375 0.6302083328125 0.3447265625 0.6328125 0.3349609375 0.6588541671875 0.3251953125 0.6640625 0.3173828125 0.6588541671875 0.3095703125 0.6614583328125 0.3046875 0.66796875 0.30078125 0.69140625 0.2919921875 0.7005208328125 0.2666015625 0.7005208328125 0.2548828125 0.7604166671875 0.2470703125 0.765625 0.2119140625 0.7604166671875 0.1767578125 0.7916666671875 0.169921875 0.8059895828125001 0.169921875 0.8372395828125001 0.1640625 0.8684895828125001 0.1494140625 0.8932291671874999 0.1201171875 0.8932291671874999 0.0966796875 0.8541666671874999 0.0732421875 0.8541666671874999 0.0419921875 0.8645833328125001 0.0048828125 0.8645833328125001 0 0.87109375 0.0009765625 0.9973958328125001 1 0.99609375 0.9990234375 0.6927083328125 0.9443359375 0.6744791671875 0.9365234375 0.6744791671875 0.9287109375 0.6848958328125
2 0.2216796875 0.7421875 0.2275390625 0.7421875 0.2373046875 0.7604166671875 0.2470703125 0.7604166671875 0.255859375 0.7513020828125 0.2578125 0.6549479171875 0.24609375 0.6080729171875 0.232421875 0.5924479171875 0.232421875 0.5716145828125 0.2255859375 0.5651041671875 0.2060546875 0.5677083328125 0.18359375 0.5221354171875 0.1689453125 0.5026041671875 0.1513671875 0.4947916671875 0.1181640625 0.4921875 0.0341796875 0.5 0.0009765625 0.5104166671875 0 0.83984375 0.0029296875 0.84375 0.0556640625 0.8411458328125001 0.1181640625 0.8333333328125001 0.125 0.87109375 0.1357421875 0.8854166671874999 0.1484375 0.8841145828125001 0.16015625 0.8684895828125001 0.166015625 0.80078125 0.1787109375 0.78125 0.2216796875 0.7421875
2 0.3154296875 0.6432291671875 0.3212890625 0.65625 0.3330078125 0.65625 0.337890625 0.6471354171875 0.33984375 0.6106770828125 0.330078125 0.5638020828125 0.314453125 0.5481770828125 0.30859375 0.5299479171875 0.2880859375 0.4973958328125 0.2255859375 0.5 0.1923828125 0.5104166671875 0.1875 0.5247395828125 0.193359375 0.5377604171875 0.203125 0.5455729171875 0.203125 0.5559895828125 0.2080078125 0.5625 0.232421875 0.56640625 0.236328125 0.5950520828125 0.248046875 0.60546875 0.26171875 0.66015625 0.2734375 0.6705729171875 0.2822265625 0.6953125 0.291015625 0.6966145828125 0.298828125 0.6888020828125 0.298828125 0.6575520828125 0.3056640625 0.6458333328125 0.3154296875 0.6432291671875
2 0.369140625 0.5481770828125 0.3515625 0.49609375 0.3427734375 0.4869791671875 0.2978515625 0.4947916671875 0.294921875 0.4986979171875 0.296875 0.51171875 0.3125 0.5377604171875 0.328125 0.54296875 0.326171875 0.5559895828125 0.33203125 0.56640625 0.341796875 0.6158854171875 0.3486328125 0.625 0.357421875 0.6263020828125 0.361328125 0.6106770828125 0.37109375 0.60546875 0.37109375 0.5716145828125 0.369140625 0.5481770828125
2 0.3525390625 0.4947916671875 0.369140625 0.5481770828125 0.373046875 0.58984375 0.3828125 0.5924479171875 0.388671875 0.57421875 0.38671875 0.5247395828125 0.3720703125 0.4921875 0.3525390625 0.4947916671875
2 0.42578125 0.5403645828125 0.42578125 0.5143229171875 0.4052734375 0.4895833328125 0.3759765625 0.4947916671875 0.38671875 0.5247395828125 0.388671875 0.5638020828125 0.3916015625 0.5703125 0.3984375 0.5690104171875 0.4072265625 0.5546875 0.4169921875 0.5546875 0.421875 0.5481770828125 0.42578125 0.5403645828125
2 0.5908203125 0.4817708328125 0.5537109375 0.4817708328125 0.53125 0.5091145828125 0.52734375 0.5247395828125 0.5322265625 0.5416666671875 0.5380859375 0.5364583328125 0.5537109375 0.5364583328125 0.5615234375 0.5442708328125 0.56640625 0.54296875 0.5859375 0.5325520828125 0.583984375 0.5143229171875 0.59375 0.48828125 0.5908203125 0.4817708328125
2 0.466796875 0.5091145828125 0.478515625 0.5091145828125 0.48046875 0.49609375 0.4736328125 0.4895833328125 0.4677734375 0.4921875 0.466796875 0.5091145828125
2 0.64453125 0.5533854171875 0.64453125 0.5221354171875 0.6259765625 0.4895833328125 0.5947265625 0.4895833328125 0.587890625 0.5013020828125 0.583984375 0.51953125 0.5859375 0.55078125 0.5908203125 0.5546875 0.5966796875 0.546875 0.6015625 0.55859375 0.6064453125 0.5494791671875 0.6357421875 0.5494791671875 0.6416015625 0.5572916671875 0.64453125 0.5533854171875
2 0.767578125 0.52734375 0.779296875 0.5169270828125 0.7705078125 0.4973958328125 0.7607421875 0.4921875 0.7138671875 0.4947916671875 0.7060546875 0.5 0.69140625 0.5247395828125 0.69140625 0.53515625 0.685546875 0.5403645828125 0.681640625 0.5559895828125 0.68359375 0.5872395828125 0.6884765625 0.5911458328125 0.7021484375 0.5833333328125 0.708984375 0.5872395828125 0.7138671875 0.6041666671875 0.72265625 0.6028645828125 0.74609375 0.5846354171875 0.751953125 0.5559895828125 0.765625 0.5403645828125 0.767578125 0.52734375
2 0.912109375 0.4986979171875 0.9140625 0.4856770828125 0.9111328125 0.4817708328125 0.8349609375 0.4791666671875 0.8115234375 0.484375 0.7978515625 0.4947916671875 0.75390625 0.5559895828125 0.748046875 0.5924479171875 0.751953125 0.6236979171875 0.7568359375 0.6302083328125 0.7646484375 0.6302083328125 0.7763671875 0.6171875 0.8134765625 0.6197916671875 0.8203125 0.64453125 0.8271484375 0.6536458328125 0.83984375 0.65234375 0.8466796875 0.6328125 0.892578125 0.62109375 0.896484375 0.55859375 0.912109375 0.4986979171875
2 1 0.4596354171875 0.9716796875 0.4583333328125 0.9326171875 0.46875 0.9140625 0.4856770828125 0.90625 0.53515625 0.8984375 0.5533854171875 0.896484375 0.6263020828125 0.90234375 0.6705729171875 0.9072265625 0.6796875 0.9189453125 0.6822916671875 0.9287109375 0.6640625 0.9404296875 0.6640625 1 0.6861979171875 1 0.4596354171875
1 0.6025390625 0.4869791671875 0.6181640625 0.4817708328125 0.6259765625 0.4869791671875 0.630859375 0.4778645828125 0.630859375 0.46484375 0.625 0.45703125 0.625 0.24348958281250002 0.62890625 0.22265625 0.646484375 0.20442708281250002 0.646484375 0.1966145828125 0.6162109375 0.1770833328125 0.6103515625 0.1640625 0.6015625 0.1731770828125 0.5986328125 0.2265625 0.552734375 0.22786458281250002 0.546875 0.3111979171875 0.5341796875 0.3151041671875 0.5244140625 0.3359375 0.5205078125 0.3307291671875 0.5107421875 0.3333333328125 0.49609375 0.3763020828125 0.494140625 0.5013020828125 0.5009765625 0.5104166671875 0.515625 0.51171875 0.5361328125 0.5026041671875 0.5498046875 0.4817708328125 0.5927734375 0.4817708328125 0.6025390625 0.4869791671875
1 0.7685546875 0.4921875 0.7822265625 0.5052083328125 0.822265625 0.4700520828125 0.8203125 0.34765625 0.81640625 0.33203125 0.822265625 0.3111979171875 0.8203125 0.09765625 0.81640625 0.014322917187500001 0.8134765625 0.010416667187500001 0.7958984375 0.0234375 0.7490234375 0.0182291671875 0.7197265625 0.0208333328125 0.646484375 0.1549479171875 0.65234375 0.1783854171875 0.650390625 0.20703125 0.6328125 0.22526041718749998 0.626953125 0.24088541718749998 0.630859375 0.35546875 0.626953125 0.4544270828125 0.6328125 0.4622395828125 0.634765625 0.48828125 0.6474609375 0.5208333328125 0.6611328125 0.5286458328125 0.685546875 0.5299479171875 0.7060546875 0.4973958328125 0.7197265625 0.4895833328125 0.7587890625 0.4895833328125 0.7685546875 0.4921875
1 0.8193359375 0 0.81640625 0.006510417187500001 0.82421875 0.22786458281250002 0.82421875 0.3190104171875 0.818359375 0.3268229171875 0.818359375 0.33984375 0.82421875 0.3736979171875 0.8173828125 0.3854166671875 0.814453125 0.37109375 0.814453125 0.39453125 0.8232421875 0.3958333328125 0.8251953125 0.390625 0.826171875 0.39453125 0.822265625 0.4075520828125 0.82421875 0.4231770828125 0.8134765625 0.4270833328125 0.8125 0.4361979171875 0.8154296875 0.4401041671875 0.822265625 0.4361979171875 0.8271484375 0.4765625 0.859375 0.4778645828125 0.8681640625 0.4739583328125 0.9208984375 0.4765625 0.9345703125 0.4661458328125 0.9580078125 0.4583333328125 1 0.4544270828125 0.9990234375 0 0.8193359375 0
1 0.373046875 0.4856770828125 0.37890625 0.48828125 0.37890625 0.4622395828125 0.3828125 0.45703125 0.380859375 0.4231770828125 0.37109375 0.4127604171875 0.369140625 0.3997395828125 0.37109375 0.35546875 0.3671875 0.2877604171875 0.37109375 0.2825520828125 0.361328125 0.2799479171875 0.349609375 0.24609375 0.3544921875 0.24479166718749998 0.3623046875 0.2630208328125 0.36328125 0.24088541718749998 0.3662109375 0.23958333281250002 0.369140625 0.24348958281250002 0.3681640625 0.2682291671875 0.3720703125 0.2604166671875 0.3818359375 0.2604166671875 0.3857421875 0.2552083328125 0.39453125 0.26171875 0.3876953125 0.21875 0.3388671875 0.203125 0.3232421875 0.1927083328125 0.3154296875 0.1927083328125 0.310546875 0.20182291718749998 0.306640625 0.2955729171875 0.310546875 0.31640625 0.3037109375 0.3255208328125 0.298828125 0.32421875 0.298828125 0.3346354171875 0.310546875 0.3502604171875 0.298828125 0.4075520828125 0.296875 0.48828125 0.306640625 0.4908854171875 0.3681640625 0.4895833328125 0.3720703125 0.4791666671875 0.375 0.48046875 0.373046875 0.4856770828125
1 0.4189453125 0.4791666671875 0.423828125 0.4518229171875 0.419921875 0.4153645828125 0.421875 0.3841145828125 0.40625 0.3580729171875 0.41015625 0.3424479171875 0.40625 0.3111979171875 0.390625 0.29296875 0.390625 0.26953125 0.396484375 0.26171875 0.390625 0.22005208281250002 0.3154296875 0.1927083328125 0.3125 0.22526041718749998 0.3154296875 0.22916666718749998 0.3173828125 0.22135416718749998 0.3251953125 0.21875 0.3291015625 0.2265625 0.3330078125 0.22395833281250002 0.3671875 0.2955729171875 0.37109375 0.4075520828125 0.3671875 0.4309895828125 0.37109375 0.4361979171875 0.3671875 0.44140625 0.369140625 0.4518229171875 0.36328125 0.4856770828125 0.38671875 0.48828125 0.3896484375 0.4817708328125 0.3916015625 0.4869791671875 0.4013671875 0.4791666671875 0.4189453125 0.4791666671875
1 0.1005859375 0 0.095703125 0.0455729171875 0.09765625 0.29296875 0.1298828125 0.3151041671875 0.138671875 0.33203125 0.138671875 0.36328125 0.1328125 0.38671875 0.1328125 0.4830729171875 0.1689453125 0.4973958328125 0.1806640625 0.5104166671875 0.1875 0.5091145828125 0.2236328125 0.4973958328125 0.296875 0.4856770828125 0.298828125 0.3997395828125 0.306640625 0.37109375 0.3046875 0.35546875 0.296875 0.3502604171875 0.296875 0.31640625 0.3046875 0.30859375 0.306640625 0.2981770828125 0.310546875 0.1549479171875 0.294921875 0.12109375 0.294921875 0.08984375 0.287109375 0.0325520828125 0.2783203125 0.0260416671875 0.2685546875 0.0286458328125 0.2607421875 0 0.1005859375 0