3 0.5556640625 0.5598958328125 0.4873046875 0.5598958328125 0.4794921875 0.5442708328125 0.4697265625 0.5416666671875 0.3525390625 0.53125 0.3427734375 0.546875 0.3134765625 0.5494791671875 0.30859375 0.5768229171875 0.2900390625 0.6015625 0.2451171875 0.6432291671875 0.1611328125 0.7057291671875 0.0556640625 0.7734375 0.0439453125 0.7864583328125 0.0166015625 0.8020833328125001 0.0126953125 0.8098958328125001 0 0.8138020828125001 0.0009765625 0.9973958328125001 1 0.99609375 0.9990234375 0.71875 0.8427734375 0.6640625 0.7099609375 0.6067708328125 0.5556640625 0.5598958328125
6 0.8515625 0.4700520828125 0.8427734375 0.4635416671875 0.837890625 0.4700520828125 0.83984375 0.48828125 0.833984375 0.50390625 0.830078125 0.5533854171875 0.8359375 0.56640625 0.837890625 0.6315104171875 0.8486328125 0.6328125 0.8505859375 0.6276041671875 0.857421875 0.6315104171875 0.861328125 0.5924479171875 0.861328125 0.4986979171875 0.849609375 0.4830729171875 0.8515625 0.4700520828125
1 0 0.5638020828125 0.0078125 0.56640625 0.0078125 0.5846354171875 0.01171875 0.58984375 0.021484375 0.5846354171875 0.017578125 0.56640625 0.0244140625 0.5546875 0.0498046875 0.5520833328125 0.0546875 0.52734375 0.0673828125 0.5182291671875 0.0849609375 0.5182291671875 0.0966796875 0.546875 0.0986328125 0.5416666671875 0.1279296875 0.5442708328125 0.1396484375 0.5208333328125 0.1533203125 0.5208333328125 0.15625 0.5247395828125 0.15625 0.57421875 0.1689453125 0.5729166671875 0.171875 0.56640625 0.171875 0.50390625 0.1796875 0.4778645828125 0.177734375 0.4700520828125 0.1806640625 0.4713541671875 0.19140625 0.4518229171875 0.19140625 0.4388020828125 0.1806640625 0.4348958328125 0.169921875 0.4153645828125 0.171875 0.39453125 0.1806640625 0.3854166671875 0.1923828125 0.3854166671875 0.1962890625 0.3932291671875 0.2041015625 0.3958333328125 0.21875 0.3893229171875 0.21875 0.37890625 0.20703125 0.37109375 0.2021484375 0.3541666671875 0.1953125 0.3528645828125 0.1953125 0.2721354171875 0.19921875 0.24869791718749998 0.1953125 0.16796875 0.19921875 0.1627604171875 0.197265625 0.1471354171875 0.201171875 0.12890625 0.19921875 0.07682291718749999 0.2021484375 0.05989583281250001 0.216796875 0.05598958281250001 0.216796875 0.04296875 0.2021484375 0 0 0.0013020828125 0 0.5638020828125
6 0.193359375 0.4778645828125 0.193359375 0.46484375 0.1884765625 0.4635416671875 0.1875 0.4778645828125 0.177734375 0.4934895828125 0.177734375 0.5377604171875 0.18359375 0.5533854171875 0.18359375 0.5924479171875 0.1884765625 0.6015625 0.193359375 0.6002604171875 0.197265625 0.5846354171875 0.197265625 0.5065104171875 0.205078125 0.4986979171875 0.193359375 0.4778645828125
6 0.279296875 0.5559895828125 0.2822265625 0.5625 0.287109375 0.5611979171875 0.294921875 0.5065104171875 0.2841796875 0.4791666671875 0.279296875 0.4856770828125 0.279296875 0.5559895828125
2 0.494140625 0.4986979171875 0.486328125 0.5221354171875 0.4892578125 0.5546875 0.4990234375 0.5494791671875 0.5048828125 0.5572916671875 0.5126953125 0.5520833328125 0.5244140625 0.5572916671875 0.5302734375 0.5520833328125 0.544921875 0.55859375 0.546875 0.5247395828125 0.5322265625 0.4947916671875 0.5009765625 0.4921875 0.494140625 0.4986979171875
6 0.5390625 0.50390625 0.548828125 0.5325520828125 0.548828125 0.5533854171875 0.55859375 0.5533854171875 0.55859375 0.5091145828125 0.5517578125 0.4973958328125 0.5419921875 0.4947916671875 0.5390625 0.50390625
4 0.5595703125 0.21354166718749998 0.5458984375 0.21354166718749998 0.5302734375 0.20052083281250002 0.5185546875 0.21354166718749998 0.5029296875 0.203125 0.48828125 0.22265625 0.478515625 0.2513020828125 0.46875 0.2955729171875 0.470703125 0.30859375 0.453125 0.3424479171875 0.451171875 0.37890625 0.462890625 0.42578125 0.4794921875 0.4505208328125 0.4970703125 0.4505208328125 0.5126953125 0.4322916671875 0.515625 0.4544270828125 0.5205078125 0.4583333328125 0.556640625 0.45703125 0.556640625 0.2565104171875 0.56640625 0.23828125 0.56640625 0.22786458281250002 0.5595703125 0.21354166718749998
4 0.376953125 0.4544270828125 0.37109375 0.4361979171875 0.341796875 0.3971354171875 0.341796875 0.3763020828125 0.3359375 0.3684895828125 0.330078125 0.33984375 0.30859375 0.32421875 0.3046875 0.2981770828125 0.296875 0.28515625 0.2880859375 0.2786458328125 0.2744140625 0.2552083328125 0.2607421875 0.24739583281250002 0.2451171875 0.22135416718749998 0.2373046875 0.21354166718749998 0.2177734375 0.21614583281250002 0.203125 0.24088541718749998 0.201171875 0.2669270828125 0.251953125 0.2721354171875 0.24609375 0.30078125 0.248046875 0.3997395828125 0.28125 0.42578125 0.28125 0.47265625 0.2900390625 0.4791666671875 0.296875 0.4752604171875 0.296875 0.4283854171875 0.3017578125 0.4192708328125 0.3408203125 0.4166666671875 0.345703125 0.4388020828125 0.345703125 0.4752604171875 0.3515625 0.48046875 0.3603515625 0.4739583328125 0.3701171875 0.4765625 0.375 0.4700520828125 0.376953125 0.4544270828125
4 0.7080078125 0 0.6953125 0.014322917187500001 0.693359375 0.08723958281250001 0.6875 0.11328125 0.6875 0.1419270828125 0.6796875 0.1705729171875 0.681640625 0.1888020828125 0.673828125 0.22265625 0.669921875 0.3111979171875 0.681640625 0.3528645828125 0.693359375 0.37109375 0.697265625 0.40234375 0.716796875 0.40234375 0.7451171875 0.3932291671875 0.7548828125 0.3645833328125 0.7841796875 0.3619791671875 0.794921875 0.32421875 0.796875 0.2747395828125 0.791015625 0.2591145828125 0.79296875 0.22265625 0.7890625 0.21484375 0.78515625 0.16015625 0.78125 0.1549479171875 0.78125 0.12890625 0.775390625 0.11328125 0.7734375 0.08463541718749999 0.765625 0.07161458281250001 0.767578125 0.05859375 0.7490234375 0 0.7080078125 0
5 0.3037109375 0.421875 0.30078125 0.42578125 0.30078125 0.5403645828125 0.3037109375 0.5442708328125 0.3212890625 0.5390625 0.341796875 0.54296875 0.34765625 0.5247395828125 0.341796875 0.42578125 0.3388671875 0.421875 0.3037109375 0.421875
1 0.685546875 0.4231770828125 0.6806640625 0.4140625 0.669921875 0.4127604171875 0.673828125 0.40234375 0.669921875 0.38671875 0.673828125 0.3841145828125 0.67578125 0.35546875 0.673828125 0.3372395828125 0.66796875 0.33203125 0.671875 0.3138020828125 0.666015625 0.3033854171875 0.666015625 0.2825520828125 0.673828125 0.24869791718749998 0.673828125 0.21484375 0.681640625 0.18359375 0.6796875 0.17578125 0.6708984375 0.1692708328125 0.6572265625 0.1692708328125 0.6103515625 0.20572916718749998 0.6064453125 0.23177083281250002 0.5986328125 0.21614583281250002 0.5693359375 0.23697916718749998 0.55859375 0.25390625 0.560546875 0.45703125 0.587890625 0.46484375 0.58984375 0.5325520828125 0.5927734375 0.5364583328125 0.6064453125 0.5338541671875 0.6123046875 0.5598958328125 0.6279296875 0.5598958328125 0.6396484375 0.5520833328125 0.6396484375 0.5651041671875 0.65625 0.56640625 0.662109375 0.4674479171875 0.67578125 0.4544270828125 0.677734375 0.4388020828125 0.685546875 0.4231770828125
4 0.83203125 0.20182291718749998 0.818359375 0.21484375 0.81640625 0.23567708281250002 0.8046875 0.26953125 0.796875 0.3658854171875 0.810546875 0.3684895828125 0.845703125 0.3580729171875 0.84375 0.1861979171875 0.8408203125 0.1822916671875 0.83203125 0.20182291718749998
1 0.9443359375 0 0.908203125 0.05078125 0.865234375 0.1236979171875 0.8681640625 0.1328125 0.8896484375 0.1276041671875 0.90234375 0.15234375 0.90625 0.24609375 0.916015625 0.2825520828125 0.91796875 0.35546875 0.923828125 0.3580729171875 0.9345703125 0.3541666671875 0.9453125 0.33203125 0.94140625 0.24869791718749998 0.951171875 0.20442708281250002 0.94921875 0.17578125 0.962890625 0.1497395828125 0.96875 0.1184895828125 0.966796875 0.09505208281250001 0.9609375 0.08203125 0.958984375 0.0299479171875 0.97265625 0.006510417187500001 0.9716796875 0 0.9443359375 0
4 0.8662109375 0.2864583328125 0.8779296875 0.2864583328125 0.88671875 0.29296875 0.88671875 0.35546875 0.8896484375 0.359375 0.9130859375 0.3541666671875 0.916015625 0.33984375 0.9140625 0.2955729171875 0.90234375 0.23828125 0.904296875 0.19140625 0.900390625 0.15234375 0.8876953125 0.1276041671875 0.8623046875 0.1354166671875 0.849609375 0.1549479171875 0.853515625 0.3580729171875 0.876953125 0.3606770828125 0.87890625 0.3268229171875 0.86328125 0.3216145828125 0.861328125 0.29296875 0.8662109375 0.2864583328125
4 0.4189453125 0.3958333328125 0.412109375 0.3997395828125 0.412109375 0.4127604171875 0.40625 0.4231770828125 0.39453125 0.43359375 0.38671875 0.46484375 0.3896484375 0.4817708328125 0.3955078125 0.4765625 0.404296875 0.48046875 0.4150390625 0.4791666671875 0.421875 0.4700520828125 0.421875 0.40234375 0.4189453125 0.3958333328125
4 0.44921875 0.39453125 0.4423828125 0.3854166671875 0.4287109375 0.3880208328125 0.42578125 0.3997395828125 0.42578125 0.4674479171875 0.4287109375 0.4739583328125 0.435546875 0.47265625 0.4599609375 0.4635416671875 0.46875 0.4544270828125 0.451171875 0.41796875 0.44921875 0.39453125