3 1 0.7434895828125 0.9970703125 0.7395833328125 0.9541015625 0.7213541671875 0.9423828125 0.7109375 0.9228515625 0.7083333328125 0.8974609375 0.6901041671875 0.8798828125 0.6875 0.8720703125 0.6770833328125 0.7744140625 0.640625 0.76953125 0.64453125 0.7607421875 0.6770833328125 0.7470703125 0.6744791671875 0.740234375 0.66015625 0.7333984375 0.65625 0.6826171875 0.65625 0.6689453125 0.6692708328125 0.6591796875 0.671875 0.65234375 0.6653645828125 0.6474609375 0.6458333328125 0.6259765625 0.6458333328125 0.62109375 0.6393229171875 0.615234375 0.6028645828125 0.6171875 0.58984375 0.61328125 0.5872395828125 0.619140625 0.58203125 0.6181640625 0.5703125 0.6123046875 0.578125 0.5966796875 0.578125 0.5849609375 0.5703125 0.5595703125 0.5729166671875 0.5439453125 0.5494791671875 0.5244140625 0.546875 0.5107421875 0.5364583328125 0.4951171875 0.5338541671875 0.4912109375 0.5260416671875 0.4833984375 0.5416666671875 0.4599609375 0.5416666671875 0.4501953125 0.5338541671875 0.4267578125 0.5520833328125 0.3974609375 0.5859375 0.3701171875 0.6041666671875 0.3427734375 0.6328125 0.3291015625 0.6380208328125 0.3076171875 0.6614583328125 0.3056640625 0.6692708328125 0.2919921875 0.6744791671875 0.2626953125 0.7083333328125 0.2060546875 0.7552083328125 0.1767578125 0.7890625 0.1044921875 0.84375 0.0283203125 0.9114583328125001 0.01953125 0.92578125 0.0078125 0.98046875 0.0087890625 0.9973958328125001 1 0.99609375 1 0.7434895828125
6 0.345703125 0.53515625 0.3515625 0.5690104171875 0.359375 0.5690104171875 0.3671875 0.5091145828125 0.3544921875 0.4869791671875 0.345703125 0.51171875 0.345703125 0.53515625
1 0.431640625 0.3450520828125 0.4296875 0.3190104171875 0.427734375 0.17578125 0.4150390625 0.171875 0.3193359375 0.1770833328125 0.318359375 0.22526041718749998 0.3330078125 0.23958333281250002 0.3388671875 0.23177083281250002 0.34375 0.23307291718749998 0.34765625 0.2669270828125 0.345703125 0.3658854171875 0.3427734375 0.3723958328125 0.328125 0.3763020828125 0.328125 0.39453125 0.322265625 0.40234375 0.318359375 0.4205729171875 0.3203125 0.50390625 0.3232421875 0.5078125 0.3447265625 0.5052083328125 0.3525390625 0.4869791671875 0.3583984375 0.4869791671875 0.3662109375 0.4973958328125 0.3720703125 0.4895833328125 0.3798828125 0.4895833328125 0.3876953125 0.5078125 0.3955078125 0.4947916671875 0.4091796875 0.5286458328125 0.42578125 0.5299479171875 0.435546875 0.51953125 0.439453125 0.47265625 0.439453125 0.37109375 0.431640625 0.3450520828125
6 0.365234375 0.53515625 0.380859375 0.54296875 0.3828125 0.5065104171875 0.3759765625 0.4895833328125 0.3671875 0.51171875 0.365234375 0.53515625
4 0.1162109375 0 0.1123046875 0.0052083328125 0.1025390625 0 0.095703125 0.0169270828125 0.09375 0.05859375 0.0810546875 0.06510416718749999 0.0576171875 0.06510416718749999 0.0205078125 0.03125 0.0107421875 0.0286458328125 0.0068359375 0.0208333328125 0 0.0221354171875 0 0.31640625 0.029296875 0.3528645828125 0.033203125 0.37109375 0.02734375 0.37890625 0.033203125 0.3997395828125 0.0751953125 0.4505208328125 0.080078125 0.4622395828125 0.087890625 0.51171875 0.08984375 0.61328125 0.1015625 0.6184895828125 0.103515625 0.4908854171875 0.109375 0.4622395828125 0.126953125 0.42578125 0.16015625 0.3841145828125 0.166015625 0.36328125 0.166015625 0.3294270828125 0.162109375 0.3216145828125 0.1640625 0.28515625 0.1533203125 0.2760416671875 0.1484375 0.2981770828125 0.1455078125 0.3020833328125 0.142578125 0.2955729171875 0.142578125 0.22786458281250002 0.1455078125 0.20833333281250002 0.1708984375 0.20572916718749998 0.173828125 0.1966145828125 0.1796875 0.014322917187500001 0.1767578125 0 0.169921875 0.00390625 0.1669921875 0.015625 0.1630859375 0.015625 0.1640625 0.006510417187500001 0.1552734375 0 0.1162109375 0
1 0.7333984375 0 0.7099609375 0.0390625 0.6845703125 0.0390625 0.677734375 0.0481770828125 0.646484375 0.12109375 0.65234375 0.1341145828125 0.654296875 0.1705729171875 0.654296875 0.2825520828125 0.650390625 0.2955729171875 0.6484375 0.3424479171875 0.65234375 0.3580729171875 0.6484375 0.4856770828125 0.6845703125 0.4921875 0.7197265625 0.4895833328125 0.732421875 0.50390625 0.744140625 0.5299479171875 0.7578125 0.5403645828125 0.7666015625 0.5833333328125 0.8310546875 0.6041666671875 0.849609375 0.6028645828125 0.85546875 0.5924479171875 0.859375 0.56640625 0.8583984375 0.4817708328125 0.9658203125 0.4791666671875 0.9716796875 0.4739583328125 1 0.47265625 0.9990234375 0 0.7333984375 0
1 0.654296875 0.23828125 0.65234375 0.1419270828125 0.6474609375 0.1380208328125 0.5966796875 0.1380208328125 0.583984375 0.16796875 0.58203125 0.4908854171875 0.5869140625 0.5 0.5986328125 0.5 0.607421875 0.51171875 0.611328125 0.53515625 0.6162109375 0.5416666671875 0.625 0.5403645828125 0.634765625 0.51171875 0.6484375 0.4934895828125 0.6484375 0.28515625 0.654296875 0.23828125
2 0.4609375 0.53515625 0.484375 0.53515625 0.484375 0.50390625 0.4658203125 0.5 0.4609375 0.51171875 0.4609375 0.53515625
2 0.5322265625 0.5 0.529296875 0.50390625 0.5234375 0.5403645828125 0.53515625 0.54296875 0.5546875 0.5377604171875 0.55859375 0.5169270828125 0.5537109375 0.5026041671875 0.5322265625 0.5
4 0.556640625 0.4049479171875 0.5478515625 0.4036458328125 0.5419921875 0.390625 0.541015625 0.3997395828125 0.5234375 0.4309895828125 0.5234375 0.4440104171875 0.53515625 0.4700520828125 0.5390625 0.4908854171875 0.5439453125 0.4973958328125 0.548828125 0.49609375 0.5546875 0.4908854171875 0.5546875 0.4622395828125 0.5625 0.4231770828125 0.556640625 0.4049479171875
2 0.751953125 0.5559895828125 0.755859375 0.5455729171875 0.744140625 0.54296875 0.7236328125 0.5 0.6982421875 0.4947916671875 0.6494140625 0.4947916671875 0.6435546875 0.5 0.626953125 0.5455729171875 0.62109375 0.59765625 0.625 0.6393229171875 0.6318359375 0.6432291671875 0.6396484375 0.6328125 0.6494140625 0.6380208328125 0.65234375 0.66015625 0.6572265625 0.6666666671875 0.6669921875 0.6640625 0.6748046875 0.6510416671875 0.7373046875 0.6510416671875 0.744140625 0.6549479171875 0.7509765625 0.671875 0.759765625 0.6705729171875 0.765625 0.66015625 0.767578125 0.6158854171875 0.763671875 0.58203125 0.751953125 0.5559895828125
2 0.5673828125 0.5026041671875 0.5546875 0.53515625 0.556640625 0.5638020828125 0.5654296875 0.5703125 0.5712890625 0.5625 0.5908203125 0.5625 0.6044921875 0.5729166671875 0.609375 0.5716145828125 0.611328125 0.5377604171875 0.6015625 0.5091145828125 0.5966796875 0.5026041671875 0.5673828125 0.5026041671875