3 0.8173828125 0.6458333328125 0.8056640625 0.6484375 0.7861328125 0.6380208328125 0.7666015625 0.6354166671875 0.7373046875 0.6354166671875 0.7275390625 0.6432291671875 0.7099609375 0.6458333328125 0.701171875 0.6393229171875 0.6962890625 0.625 0.6708984375 0.6197916671875 0.6640625 0.6028645828125 0.6630859375 0.5833333328125 0.6025390625 0.5677083328125 0.5654296875 0.546875 0.5625 0.5611979171875 0.5556640625 0.5703125 0.5302734375 0.5677083328125 0.529296875 0.5872395828125 0.5244140625 0.5911458328125 0.4775390625 0.5885416671875 0.4599609375 0.5729166671875 0.4482421875 0.5703125 0.4453125 0.5638020828125 0.453125 0.5559895828125 0.455078125 0.5455729171875 0.4521484375 0.5416666671875 0.4384765625 0.5416666671875 0.4365234375 0.546875 0.4228515625 0.5494791671875 0.4033203125 0.5729166671875 0.3896484375 0.5651041671875 0.3701171875 0.5651041671875 0.3447265625 0.5755208328125 0.3359375 0.5559895828125 0.33984375 0.5481770828125 0.3369140625 0.5416666671875 0.3115234375 0.5416666671875 0.2763671875 0.5546875 0.2626953125 0.5546875 0.3046875 0.5638020828125 0.2666015625 0.5677083328125 0.26953125 0.5768229171875 0.2470703125 0.5989583328125 0.2197265625 0.6041666671875 0.1083984375 0.59375 0.099609375 0.58984375 0.099609375 0.58203125 0.0908203125 0.5677083328125 0.0419921875 0.5677083328125 0.0263671875 0.5807291671875 0.0166015625 0.5755208328125 0.0087890625 0.578125 0.0048828125 0.5729166671875 0 0.5768229171875 0.0009765625 0.9973958328125001 0.0478515625 0.9973958328125001 0.0576171875 0.9921875 0.0771484375 0.9973958328125001 1 0.99609375 0.9990234375 0.640625 0.8271484375 0.609375 0.822265625 0.6158854171875 0.8173828125 0.6458333328125
2 0.412109375 0.5611979171875 0.412109375 0.5221354171875 0.3955078125 0.4817708328125 0.3623046875 0.4791666671875 0.34765625 0.4908854171875 0.34375 0.51171875 0.34375 0.56640625 0.353515625 0.5690104171875 0.3642578125 0.5598958328125 0.3955078125 0.5598958328125 0.3994140625 0.5677083328125 0.412109375 0.5611979171875
2 0.4052734375 0.4921875 0.4140625 0.5377604171875 0.42578125 0.5455729171875 0.43359375 0.54296875 0.431640625 0.51171875 0.4208984375 0.4921875 0.4052734375 0.4921875
2 0.43359375 0.5325520828125 0.4365234375 0.5364583328125 0.453125 0.53515625 0.44921875 0.4986979171875 0.4443359375 0.4947916671875 0.4287109375 0.4973958328125 0.43359375 0.5325520828125
2 0.5263671875 0.4817708328125 0.5029296875 0.484375 0.49609375 0.4986979171875 0.5078125 0.5091145828125 0.509765625 0.5559895828125 0.5361328125 0.5625 0.5458984375 0.5598958328125 0.552734375 0.56640625 0.5546875 0.5221354171875 0.544921875 0.4934895828125 0.5380859375 0.484375 0.5263671875 0.4817708328125
2 0.5361328125 0.484375 0.5048828125 0.484375 0.498046875 0.4934895828125 0.498046875 0.5013020828125 0.509765625 0.51171875 0.509765625 0.55078125 0.5126953125 0.5546875 0.546875 0.5533854171875 0.5546875 0.5481770828125 0.5546875 0.52734375 0.544921875 0.4934895828125 0.5361328125 0.484375
2 0.7744140625 0.4947916671875 0.7548828125 0.484375 0.6982421875 0.484375 0.689453125 0.4934895828125 0.671875 0.5325520828125 0.66796875 0.6002604171875 0.6748046875 0.6171875 0.6845703125 0.609375 0.7001953125 0.6145833328125 0.703125 0.6341145828125 0.7080078125 0.640625 0.7138671875 0.640625 0.7197265625 0.6302083328125 0.7412109375 0.6276041671875 0.7900390625 0.6302083328125 0.8037109375 0.6432291671875 0.8125 0.6419270828125 0.822265625 0.6080729171875 0.8203125 0.57421875 0.8125 0.5533854171875 0.7744140625 0.4947916671875
1 0.7841796875 0 0.7666015625 0.05989583281250001 0.7392578125 0.0546875 0.7265625 0.05859375 0.71875 0.09505208281250001 0.71875 0.1106770828125 0.724609375 0.1184895828125 0.724609375 0.14453125 0.7080078125 0.1770833328125 0.69140625 0.1809895828125 0.69140625 0.20703125 0.6796875 0.23567708281250002 0.68359375 0.24088541718749998 0.68359375 0.3658854171875 0.681640625 0.42578125 0.677734375 0.4309895828125 0.6796875 0.48828125 0.6845703125 0.4947916671875 0.7099609375 0.46875 0.7236328125 0.4791666671875 0.7529296875 0.4817708328125 0.7744140625 0.4921875 0.7861328125 0.5104166671875 0.7919921875 0.515625 0.7958984375 0.5130208328125 0.8076171875 0.5364583328125 0.814453125 0.53515625 0.814453125 0.1497395828125 0.8232421875 0.140625 0.8857421875 0.1171875 0.9033203125 0.1041666671875 0.9130859375 0.1041666671875 0.9228515625 0.09375 0.9365234375 0.09375 0.94140625 0.08203125 0.94140625 0.06380208281250001 0.9482421875 0.0546875 0.966796875 0.0455729171875 0.9521484375 0 0.7841796875 0
1 1 0.04296875 0.9873046875 0.0416666671875 0.9462890625 0.05989583281250001 0.9423828125 0.09375 0.8408203125 0.1354166671875 0.81640625 0.15234375 0.81640625 0.51953125 0.818359375 0.5559895828125 0.8310546875 0.5833333328125 0.9130859375 0.5833333328125 1 0.5924479171875 1 0.04296875
1 0.6796875 0.3763020828125 0.68359375 0.34765625 0.68359375 0.2643229171875 0.6796875 0.23046875 0.6875 0.21484375 0.6865234375 0.20833333281250002 0.666015625 0.21223958281250002 0.666015625 0.2513020828125 0.654296875 0.2799479171875 0.6494140625 0.2864583328125 0.6318359375 0.2838541671875 0.62890625 0.30859375 0.6259765625 0.3125 0.6220703125 0.3046875 0.615234375 0.30859375 0.61328125 0.3294270828125 0.599609375 0.34765625 0.59765625 0.3763020828125 0.583984375 0.4075520828125 0.5859375 0.5299479171875 0.6142578125 0.5494791671875 0.6435546875 0.5598958328125 0.6591796875 0.5598958328125 0.6611328125 0.5546875 0.666015625 0.55859375 0.677734375 0.4986979171875 0.67578125 0.4440104171875 0.681640625 0.4205729171875 0.6796875 0.3763020828125
1 0.3076171875 0.5338541671875 0.3115234375 0.5234375 0.3134765625 0.53125 0.3251953125 0.53125 0.337890625 0.5169270828125 0.345703125 0.4778645828125 0.345703125 0.3528645828125 0.33984375 0.2643229171875 0.341796875 0.21484375 0.337890625 0.19921875 0.341796875 0.1809895828125 0.3359375 0.1731770828125 0.3359375 0.1341145828125 0.326171875 0.12109375 0.29296875 0.0325520828125 0.2802734375 0.03125 0.2685546875 0.0234375 0.2607421875 0.0078125 0.2509765625 0.010416667187500001 0.2431640625 0 0.21875 0.0013020828125 0.216796875 0.2799479171875 0.21875 0.2981770828125 0.2333984375 0.3020833328125 0.2421875 0.31640625 0.2421875 0.4127604171875 0.2333984375 0.4270833328125 0.21875 0.4309895828125 0.21875 0.47265625 0.22265625 0.48828125 0.220703125 0.5377604171875 0.2265625 0.55078125 0.2509765625 0.5416666671875 0.2958984375 0.5390625 0.3017578125 0.53125 0.3076171875 0.5338541671875
1 0 0.5481770828125 0.015625 0.5455729171875 0.013671875 0.51953125 0.01953125 0.5065104171875 0.0205078125 0.4166666671875 0.0234375 0.4205729171875 0.0234375 0.50390625 0.025390625 0.5143229171875 0.0390625 0.5299479171875 0.0390625 0.5403645828125 0.033203125 0.5481770828125 0.04296875 0.5559895828125 0.0673828125 0.5494791671875 0.0888671875 0.5520833328125 0.0927734375 0.5182291671875 0.107421875 0.5221354171875 0.1103515625 0.5546875 0.1162109375 0.5546875 0.1201171875 0.546875 0.1240234375 0.5520833328125 0.130859375 0.5481770828125 0.1328125 0.4388020828125 0.12890625 0.3997395828125 0.1357421875 0.34375 0.140625 0.3450520828125 0.140625 0.36328125 0.146484375 0.3684895828125 0.140625 0.3815104171875 0.140625 0.48046875 0.1455078125 0.4921875 0.1533203125 0.4895833328125 0.15625 0.49609375 0.158203125 0.5455729171875 0.1611328125 0.5494791671875 0.16796875 0.5403645828125 0.1708984375 0.5260416671875 0.1884765625 0.5494791671875 0.20703125 0.55078125 0.20703125 0.33984375 0.21484375 0.18359375 0.2109375 0.1002604171875 0.212890625 0.006510417187500001 0.2099609375 0 0 0.0013020828125 0 0.5481770828125
4 0.5390625 0.4309895828125 0.53515625 0.3502604171875 0.5283203125 0.3307291671875 0.5166015625 0.3333333328125 0.5009765625 0.3125 0.4921875 0.30859375 0.490234375 0.29296875 0.498046875 0.27734375 0.494140625 0.26171875 0.49609375 0.24348958281250002 0.4833984375 0.23697916718749998 0.4755859375 0.22395833281250002 0.4677734375 0.22395833281250002 0.4599609375 0.23177083281250002 0.4501953125 0.2265625 0.443359375 0.24609375 0.443359375 0.28515625 0.4501953125 0.296875 0.455078125 0.29296875 0.451171875 0.33984375 0.4541015625 0.3489583328125 0.4775390625 0.3463541671875 0.48046875 0.3502604171875 0.48046875 0.42578125 0.474609375 0.4309895828125 0.4765625 0.4778645828125 0.4833984375 0.4895833328125 0.494140625 0.48828125 0.5029296875 0.4791666671875 0.5244140625 0.4765625 0.533203125 0.4674479171875 0.5390625 0.4309895828125